1	28261659	GA	GGA	1	01|000028261659|1	01|000028261659|GA	01|000028261659
1	28261659	G	GG	2	01|000028261659|2	01|000028261659|G	01|000028261659
1	55066813	C	CAT	1	01|000055066813|1	01|000055066813|C	01|000055066813
1	55066813	CGTGTGTGTGTGTG	CATGTGTGTGTGTGTG	2	01|000055066813|2	01|000055066813|CGTGTGTGTGTGTG	01|000055066813
1	94997750	CCA	CA	1	01|000094997750|1	01|000094997750|CCA	01|000094997750
1	94997750	CC	C	2	01|000094997750|2	01|000094997750|CC	01|000094997750
1	160766187	TG	TTG	1	01|000160766187|1	01|000160766187|TG	01|000160766187
1	160766187	T	TT	2	01|000160766187|2	01|000160766187|T	01|000160766187
1	209880218	AG	AAG	1	01|000209880218|1	01|000209880218|AG	01|000209880218
1	209880218	A	AA	2	01|000209880218|2	01|000209880218|A	01|000209880218
1	212209369	C	CC	1	01|000212209369|1	01|000212209369|C	01|000212209369
1	212209369	CAA	CCAA	2	01|000212209369|2	01|000212209369|CAA	01|000212209369
1	226044493	C	CC	1	01|000226044493|1	01|000226044493|C	01|000226044493
1	226044493	CA	CCA	2	01|000226044493|2	01|000226044493|CA	01|000226044493
1	229580602	A	AA	1	01|000229580602|1	01|000229580602|A	01|000229580602
1	229580602	ACCC	AACCC	2	01|000229580602|2	01|000229580602|ACCC	01|000229580602
1	241913067	T	TT	1	01|000241913067|1	01|000241913067|T	01|000241913067
1	241913067	TGGG	TTGGG	2	01|000241913067|2	01|000241913067|TGGG	01|000241913067
2	27050055	CATTA	CA	1	02|000027050055|1	02|000027050055|CATTA	02|000027050055
2	27050055	CATTAATTA	CATTA	2	02|000027050055|2	02|000027050055|CATTAATTA	02|000027050055
2	70919875	A	AA	1	02|000070919875|1	02|000070919875|A	02|000070919875
2	70919875	AC	AAC	2	02|000070919875|2	02|000070919875|AC	02|000070919875
2	86992338	A	AAA	1	02|000086992338|1	02|000086992338|A	02|000086992338
2	86992338	ATT	AAATT	2	02|000086992338|2	02|000086992338|ATT	02|000086992338
3	45461104	T	TT	1	03|000045461104|1	03|000045461104|T	03|000045461104
3	45461104	TG	TTG	2	03|000045461104|2	03|000045461104|TG	03|000045461104
4	3039311	CGTGTGTGTGTGTGTGT	CGTGTGTGTGTGTGT	1	04|000003039311|1	04|000003039311|CGTGTGTGTGTGTGTGT	04|000003039311
4	3039311	C	T	2	04|000003039311|2	04|000003039311|C	04|000003039311
4	55151958	TT	TAT	1	04|000055151958|1	04|000055151958|TT	04|000055151958
4	55151958	T	TA	2	04|000055151958|2	04|000055151958|T	04|000055151958
4	190662128	C	CT	1	04|000190662128|1	04|000190662128|C	04|000190662128
4	190662128	CA	CTA	2	04|000190662128|2	04|000190662128|CA	04|000190662128
5	54721629	T	TT	1	05|000054721629|1	05|000054721629|T	05|000054721629
5	54721629	TC	TTC	2	05|000054721629|2	05|000054721629|TC	05|000054721629
5	54948592	A	AA	1	05|000054948592|1	05|000054948592|A	05|000054948592
5	54948592	AC	AAC	2	05|000054948592|2	05|000054948592|AC	05|000054948592
5	115628133	T	TT	1	05|000115628133|1	05|000115628133|T	05|000115628133
5	115628133	TG	T	2	05|000115628133|2	05|000115628133|TG	05|000115628133
5	137513381	AG	AAG	1	05|000137513381|1	05|000137513381|AG	05|000137513381
5	137513381	A	AAA	2	05|000137513381|2	05|000137513381|A	05|000137513381
6	74497243	TC	TTC	1	06|000074497243|1	06|000074497243|TC	06|000074497243
6	74497243	T	TT	2	06|000074497243|2	06|000074497243|T	06|000074497243
6	152629786	A	AA	1	06|000152629786|1	06|000152629786|A	06|000152629786
6	152629786	AC	A	2	06|000152629786|2	06|000152629786|AC	06|000152629786
7	1055675	T	TT	1	07|000001055675|1	07|000001055675|T	07|000001055675
7	1055675	TG	TTG	2	07|000001055675|2	07|000001055675|TG	07|000001055675
8	131193165	AT	AAT	1	08|000131193165|1	08|000131193165|AT	08|000131193165
8	131193165	A	AA	2	08|000131193165|2	08|000131193165|A	08|000131193165
8	133734469	A	AAAA	1	08|000133734469|1	08|000133734469|A	08|000133734469
8	133734469	AG	AAAG	2	08|000133734469|2	08|000133734469|AG	08|000133734469
9	107556811	AT	AAAAT	1	09|000107556811|1	09|000107556811|AT	09|000107556811
9	107556811	A	AAA	2	09|000107556811|2	09|000107556811|A	09|000107556811
9	125391777	A	AA	1	09|000125391777|1	09|000125391777|A	09|000125391777
9	125391777	ACC	AACC	2	09|000125391777|2	09|000125391777|ACC	09|000125391777
11	45944995	CTG	CCTG	1	11|000045944995|1	11|000045944995|CTG	11|000045944995
11	45944995	C	CC	2	11|000045944995|2	11|000045944995|C	11|000045944995
11	129754103	T	TG	1	11|000129754103|1	11|000129754103|T	11|000129754103
11	129754103	TTC	TGTC	2	11|000129754103|2	11|000129754103|TTC	11|000129754103
12	9310576	TT	T	1	12|000009310576|1	12|000009310576|TT	12|000009310576
12	9310576	T	G	2	12|000009310576|2	12|000009310576|T	12|000009310576
12	15731724	T	TG	1	12|000015731724|1	12|000015731724|T	12|000015731724
12	15731724	TT	TGT	2	12|000015731724|2	12|000015731724|TT	12|000015731724
12	16713500	TA	TTA	1	12|000016713500|1	12|000016713500|TA	12|000016713500
12	16713500	T	TT	2	12|000016713500|2	12|000016713500|T	12|000016713500
12	49091985	A	AA	1	12|000049091985|1	12|000049091985|A	12|000049091985
12	49091985	AGTC	AAGTC	2	12|000049091985|2	12|000049091985|AGTC	12|000049091985
12	80762171	C	CCC	1	12|000080762171|1	12|000080762171|C	12|000080762171
12	80762171	CA	CCA	2	12|000080762171|2	12|000080762171|CA	12|000080762171
12	104995812	T	TT	1	12|000104995812|1	12|000104995812|T	12|000104995812
12	104995812	TG	TTG	2	12|000104995812|2	12|000104995812|TG	12|000104995812
13	29278274	A	AA	1	13|000029278274|1	13|000029278274|A	13|000029278274
13	29278274	AGG	AAGG	2	13|000029278274|2	13|000029278274|AGG	13|000029278274
13	41835085	AT	AAT	1	13|000041835085|1	13|000041835085|AT	13|000041835085
13	41835085	A	AA	2	13|000041835085|2	13|000041835085|A	13|000041835085
14	21544846	GA	GGA	1	14|000021544846|1	14|000021544846|GA	14|000021544846
14	21544846	G	GG	2	14|000021544846|2	14|000021544846|G	14|000021544846
14	21852251	T	TT	1	14|000021852251|1	14|000021852251|T	14|000021852251
14	21852251	TG	TTG	2	14|000021852251|2	14|000021852251|TG	14|000021852251
14	62213933	TGA	TTGA	1	14|000062213933|1	14|000062213933|TGA	14|000062213933
14	62213933	T	TT	2	14|000062213933|2	14|000062213933|T	14|000062213933
14	96768523	A	AA	1	14|000096768523|1	14|000096768523|A	14|000096768523
14	96768523	AG	AAG	2	14|000096768523|2	14|000096768523|AG	14|000096768523
15	79231533	ATT	AATT	1	15|000079231533|1	15|000079231533|ATT	15|000079231533
15	79231533	A	AA	2	15|000079231533|2	15|000079231533|A	15|000079231533
17	26687486	C	CC	1	17|000026687486|1	17|000026687486|C	17|000026687486
17	26687486	CA	CCA	2	17|000026687486|2	17|000026687486|CA	17|000026687486
17	65051105	AA	A	1	17|000065051105|1	17|000065051105|AA	17|000065051105
17	65051105	AAT	AT	2	17|000065051105|2	17|000065051105|AAT	17|000065051105
17	74208633	AG	AAG	1	17|000074208633|1	17|000074208633|AG	17|000074208633
17	74208633	A	AA	2	17|000074208633|2	17|000074208633|A	17|000074208633
19	41084475	GC	GGC	1	19|000041084475|1	19|000041084475|GC	19|000041084475
19	41084475	G	GG	2	19|000041084475|2	19|000041084475|G	19|000041084475
19	51331204	T	TT	1	19|000051331204|1	19|000051331204|T	19|000051331204
19	51331204	TG	TTG	2	19|000051331204|2	19|000051331204|TG	19|000051331204
21	35467472	AGCGC	ACGC	1	21|000035467472|1	21|000035467472|AGCGC	21|000035467472
21	35467472	AG	A	2	21|000035467472|2	21|000035467472|AG	21|000035467472
21	42775179	GC	GTC	1	21|000042775179|1	21|000042775179|GC	21|000042775179
21	42775179	G	GT	2	21|000042775179|2	21|000042775179|G	21|000042775179
21	46283262	GT	GGT	1	21|000046283262|1	21|000046283262|GT	21|000046283262
21	46283262	G	GG	2	21|000046283262|2	21|000046283262|G	21|000046283262
