1	1684347	CCCT	C	1	01|000001684347|1	01|000001684347|CCCT	01|000001684347
1	1684347	C	CCCT	2	01|000001684347|2	01|000001684347|C	01|000001684347
1	9770690	CAG	C	1	01|000009770690|1	01|000009770690|CAG	01|000009770690
1	9770690	C	CAG	2	01|000009770690|2	01|000009770690|C	01|000009770690
1	114240774	AACACAC	A	1	01|000114240774|1	01|000114240774|AACACAC	01|000114240774
1	114240774	AACACACAC	AACACAC	2	01|000114240774|2	01|000114240774|AACACACAC	01|000114240774
1	151535020	A	ATC	1	01|000151535020|1	01|000151535020|A	01|000151535020
1	151535020	ATC	A	2	01|000151535020|2	01|000151535020|ATC	01|000151535020
1	159897681	TAA	T	1	01|000159897681|1	01|000159897681|TAA	01|000159897681
1	159897681	TAAA	T	2	01|000159897681|2	01|000159897681|TAAA	01|000159897681
1	165378729	TACAC	TAC	1	01|000165378729|1	01|000165378729|TACAC	01|000165378729
1	165378729	TAC	T	2	01|000165378729|2	01|000165378729|TAC	01|000165378729
1	167382399	AGT	A	1	01|000167382399|1	01|000167382399|AGT	01|000167382399
1	167382399	AGTGT	A	2	01|000167382399|2	01|000167382399|AGTGT	01|000167382399
1	209781417	TACAC	T	1	01|000209781417|1	01|000209781417|TACAC	01|000209781417
1	209781417	TAC	T	2	01|000209781417|2	01|000209781417|TAC	01|000209781417
2	27050055	CATT	C	1	02|000027050055|1	02|000027050055|CATT	02|000027050055
2	27050055	CATTA	C	2	02|000027050055|2	02|000027050055|CATTA	02|000027050055
2	40655563	CCACA	C	1	02|000040655563|1	02|000040655563|CCACA	02|000040655563
2	40655563	CCA	C	2	02|000040655563|2	02|000040655563|CCA	02|000040655563
2	65231063	G	GT	1	02|000065231063|1	02|000065231063|G	02|000065231063
2	65231063	GT	G	2	02|000065231063|2	02|000065231063|GT	02|000065231063
2	166895913	CTTT	C	1	02|000166895913|1	02|000166895913|CTTT	02|000166895913
2	166895913	CTTTT	C	2	02|000166895913|2	02|000166895913|CTTTT	02|000166895913
3	47103861	G	GT	1	03|000047103861|1	03|000047103861|G	03|000047103861
3	47103861	GTT	G	2	03|000047103861|2	03|000047103861|GTT	03|000047103861
3	149613232	ATTTT	A	1	03|000149613232|1	03|000149613232|ATTTT	03|000149613232
3	149613232	ATTT	A	2	03|000149613232|2	03|000149613232|ATTT	03|000149613232
3	193272442	CGTGTGTGTGTGT	C	1	03|000193272442|1	03|000193272442|CGTGTGTGTGTGT	03|000193272442
3	193272442	CGTGTGT	C	2	03|000193272442|2	03|000193272442|CGTGTGT	03|000193272442
4	3039311	CGT	C	1	04|000003039311|1	04|000003039311|CGT	04|000003039311
4	3039311	C	T	2	04|000003039311|2	04|000003039311|C	04|000003039311
4	53773875	ATG	A	1	04|000053773875|1	04|000053773875|ATG	04|000053773875
4	53773875	ATGTG	A	2	04|000053773875|2	04|000053773875|ATGTG	04|000053773875
4	87812586	TAA	T	1	04|000087812586|1	04|000087812586|TAA	04|000087812586
4	87812586	TA	T	2	04|000087812586|2	04|000087812586|TA	04|000087812586
5	176053336	GGT	G	1	05|000176053336|1	05|000176053336|GGT	05|000176053336
5	176053336	GGTGT	G	2	05|000176053336|2	05|000176053336|GGTGT	05|000176053336
6	36359697	TAA	T	1	06|000036359697|1	06|000036359697|TAA	06|000036359697
6	36359697	TA	T	2	06|000036359697|2	06|000036359697|TA	06|000036359697
6	132270728	G	GA	1	06|000132270728|1	06|000132270728|G	06|000132270728
6	132270728	GA	G	2	06|000132270728|2	06|000132270728|GA	06|000132270728
6	165862197	A	AAC	1	06|000165862197|1	06|000165862197|A	06|000165862197
6	165862197	AAC	A	2	06|000165862197|2	06|000165862197|AAC	06|000165862197
6	167751943	TCA	T	1	06|000167751943|1	06|000167751943|TCA	06|000167751943
6	167751943	T	TCA	2	06|000167751943|2	06|000167751943|T	06|000167751943
7	83021799	TAAAA	T	1	07|000083021799|1	07|000083021799|TAAAA	07|000083021799
7	83021799	TAAA	T	2	07|000083021799|2	07|000083021799|TAAA	07|000083021799
7	137304765	GCA	G	1	07|000137304765|1	07|000137304765|GCA	07|000137304765
7	137304765	G	GCA	2	07|000137304765|2	07|000137304765|G	07|000137304765
7	138453892	GAA	G	1	07|000138453892|1	07|000138453892|GAA	07|000138453892
7	138453892	GAAA	G	2	07|000138453892|2	07|000138453892|GAAA	07|000138453892
8	134052198	GCA	G	1	08|000134052198|1	08|000134052198|GCA	08|000134052198
8	134052198	G	GCACA	2	08|000134052198|2	08|000134052198|G	08|000134052198
9	74349917	CAA	C	1	09|000074349917|1	09|000074349917|CAA	09|000074349917
9	74349917	CAAA	C	2	09|000074349917|2	09|000074349917|CAAA	09|000074349917
11	114398627	CAA	C	1	11|000114398627|1	11|000114398627|CAA	11|000114398627
11	114398627	CA	C	2	11|000114398627|2	11|000114398627|CA	11|000114398627
11	118210424	TACAC	T	1	11|000118210424|1	11|000118210424|TACAC	11|000118210424
11	118210424	TAC	T	2	11|000118210424|2	11|000118210424|TAC	11|000118210424
14	102496394	AGT	A	1	14|000102496394|1	14|000102496394|AGT	14|000102496394
14	102496394	AGTGT	AGT	2	14|000102496394|2	14|000102496394|AGTGT	14|000102496394
15	78472157	TCACA	TCA	1	15|000078472157|1	15|000078472157|TCACA	15|000078472157
15	78472157	T	TCA	2	15|000078472157|2	15|000078472157|T	15|000078472157
16	58709824	TG	T	1	16|000058709824|1	16|000058709824|TG	16|000058709824
16	58709824	TGG	T	2	16|000058709824|2	16|000058709824|TGG	16|000058709824
17	17158128	GAAA	G	1	17|000017158128|1	17|000017158128|GAAA	17|000017158128
17	17158128	G	A	2	17|000017158128|2	17|000017158128|G	17|000017158128
18	52585071	GACACACAC	G	1	18|000052585071|1	18|000052585071|GACACACAC	18|000052585071
18	52585071	GAC	G	2	18|000052585071|2	18|000052585071|GAC	18|000052585071
19	42213456	GAC	G	1	19|000042213456|1	19|000042213456|GAC	19|000042213456
19	42213456	GACAC	G	2	19|000042213456|2	19|000042213456|GACAC	19|000042213456
X	47430611	G	GGT	1	X|000047430611|1	X|000047430611|G	X|000047430611
X	47430611	GGT	G	2	X|000047430611|2	X|000047430611|GGT	X|000047430611
X	71933512	TCACACA	TCACA	1	X|000071933512|1	X|000071933512|TCACACA	X|000071933512
X	71933512	TCA	T	2	X|000071933512|2	X|000071933512|TCA	X|000071933512
X	148048207	CTT	C	1	X|000148048207|1	X|000148048207|CTT	X|000148048207
X	148048207	CTTT	C	2	X|000148048207|2	X|000148048207|CTTT	X|000148048207
