1	1684347	CCCT	C	01|000001684347|1	01|000001684347|CCCT	01|000001684347
1	1684347	C	CCCT	01|000001684347|2	01|000001684347|C	01|000001684347
1	28261659	GA	GGA	01|000028261659|1	01|000028261659|GA	01|000028261659
1	28261659	G	GG	01|000028261659|2	01|000028261659|G	01|000028261659
1	151535020	A	ATC	01|000151535020|1	01|000151535020|A	01|000151535020
1	151535020	ATC	A	01|000151535020|2	01|000151535020|ATC	01|000151535020
1	165378729	TACACA	TACA	01|000165378729|1	01|000165378729|TACACA	01|000165378729
1	165378729	TAC	T	01|000165378729|2	01|000165378729|TAC	01|000165378729
2	27050055	CATT	C	02|000027050055|1	02|000027050055|CATT	02|000027050055
2	27050055	CATTA	C	02|000027050055|2	02|000027050055|CATTA	02|000027050055
3	45461104	T	TT	03|000045461104|1	03|000045461104|T	03|000045461104
3	45461104	TG	TTG	03|000045461104|2	03|000045461104|TG	03|000045461104
4	3039311	CGT	C	04|000003039311|1	04|000003039311|CGT	04|000003039311
4	3039311	C	T	04|000003039311|2	04|000003039311|C	04|000003039311
5	115628133	T	TT	05|000115628133|1	05|000115628133|T	05|000115628133
5	115628133	TG	T	05|000115628133|2	05|000115628133|TG	05|000115628133
6	152629786	A	AA	06|000152629786|1	06|000152629786|A	06|000152629786
6	152629786	AC	A	06|000152629786|2	06|000152629786|AC	06|000152629786
10	16737175	A	AAA	10|000016737175|1	10|000016737175|A	10|000016737175
10	16737175	AGTG	AAAGTG	10|000016737175|2	10|000016737175|AGTG	10|000016737175
12	9310576	TT	T	12|000009310576|1	12|000009310576|TT	12|000009310576
12	9310576	T	G	12|000009310576|2	12|000009310576|T	12|000009310576
12	30822239	AC	A	12|000030822239|1	12|000030822239|AC	12|000030822239
12	30822239	A	AA	12|000030822239|2	12|000030822239|A	12|000030822239
12	80762171	C	CCC	12|000080762171|1	12|000080762171|C	12|000080762171
12	80762171	CA	CCA	12|000080762171|2	12|000080762171|CA	12|000080762171
14	21544846	GA	GGA	14|000021544846|1	14|000021544846|GA	14|000021544846
14	21544846	G	GG	14|000021544846|2	14|000021544846|G	14|000021544846
14	102496394	AGT	A	14|000102496394|1	14|000102496394|AGT	14|000102496394
14	102496394	AGTGTG	AGTG	14|000102496394|2	14|000102496394|AGTGTG	14|000102496394
19	41928870	CA	CCA	19|000041928870|1	19|000041928870|CA	19|000041928870
19	41928870	C	CC	19|000041928870|2	19|000041928870|C	19|000041928870
19	50216121	GC	GGC	19|000050216121|1	19|000050216121|GC	19|000050216121
19	50216121	G	GG	19|000050216121|2	19|000050216121|G	19|000050216121
19	51331204	T	TT	19|000051331204|1	19|000051331204|T	19|000051331204
19	51331204	TG	TTG	19|000051331204|2	19|000051331204|TG	19|000051331204
